---
maxVel: 30.0
maxAccel: 40.0
maxAngVel: 3.141592653589793
maxAngAccel: 3.141592653589793
robotLength: 13.6
robotWidth: 14.2
driveType: "MECANUM"
trackWidth: 11.0
wheelBase: 10.4
lateralMultiplier: 1.0
